0.10000000000000001 3.2471557812729122e-007
0.20000000000000001 8.8900509844309198e-007
0.29999999999999999 1.3018074580473743e-006
0.40000000000000002 1.5710950080763094e-006
0.5 1.7470211680168463e-006
0.59999999999999998 1.8285836989367476e-006
0.69999999999999996 1.9112350634756931e-006
0.80000000000000004 1.9684143475278791e-006
0.89999999999999991 1.9969427978946981e-006
1 2.0463754076380308e-006
1.1000000000000001 2.0610031327335227e-006
1.2 2.0955993658224669e-006
1.2999999999999998 2.1010699641220934e-006
1.3999999999999999 2.111065938742899e-006
1.5 2.1375752322277536e-006
1.6000000000000001 2.1316606299698503e-006
1.7 2.1543274142302523e-006
1.7999999999999998 2.1749505851430238e-006
1.9000000000000001 2.1625799051579413e-006
2 2.1810660941613617e-006
2.1000000000000001 2.1918648564534067e-006
2.2000000000000002 2.1921738869786685e-006
2.3000000000000003 2.2110945895170417e-006
2.3999999999999999 2.2139093655361728e-006
2.5 2.1850351335046594e-006
2.5999999999999996 2.2120839375788374e-006
2.7000000000000002 2.2256414077127993e-006
2.7999999999999998 2.2283883736695348e-006
2.8999999999999999 2.2312271198066796e-006
3 2.2546624099870154e-006
3.1000000000000001 2.2364659938249786e-006
3.2000000000000002 2.2509630451019068e-006
3.2999999999999998 2.2612038426131352e-006
3.3999999999999999 2.2480546232408792e-006
3.5 2.2457326671075863e-006
3.5999999999999996 2.2693222402287461e-006
3.6999999999999997 2.2698453505373851e-006
3.8000000000000003 2.2675020013085269e-006
3.9000000000000004 2.2943397287296426e-006
4 2.2863029644346712e-006
4.1000000000000005 2.2636407787729308e-006
4.2000000000000002 2.2650785371558906e-006
4.2999999999999998 2.281870170900408e-006
4.4000000000000004 2.2928436750692852e-006
4.5 2.2820166891104923e-006
4.6000000000000005 2.3031674112440783e-006
4.7000000000000002 2.3134401274239842e-006
4.7999999999999998 2.2960537454246271e-006
4.8999999999999995 2.3029226481504945e-006
5 2.3104885038944995e-006
5.0999999999999996 2.3001191236824352e-006
5.1999999999999993 2.3138880332369715e-006
5.2999999999999998 2.2990272913624707e-006
5.4000000000000004 2.3071936805950966e-006
5.5 2.2972272566880033e-006
5.5999999999999996 2.3193151384139014e-006
5.7000000000000002 2.3182041569302547e-006
5.7999999999999998 2.3161114366437617e-006
5.9000000000000004 2.3203426612229269e-006
6 2.3107859320605469e-006
6.1000000000000005 2.3012481850736329e-006
6.2000000000000002 2.3228985288731647e-006
6.3000000000000007 2.3070940758871066e-006
6.4000000000000004 2.3298010839332036e-006
6.5 2.3277653518094236e-006
6.5999999999999996 2.3419812294738668e-006
6.7000000000000002 2.3292863722018352e-006
6.7999999999999998 2.3308509277962046e-006
6.8999999999999995 2.3276381010278898e-006
7 2.3304239048123949e-006
7.0999999999999996 2.3297997901067088e-006
7.1999999999999993 2.3513710829233205e-006
7.3000000000000007 2.3352320581873164e-006
7.3999999999999995 2.3358878421866993e-006
7.5 2.3623012175496413e-006
7.6000000000000005 2.3393093732237181e-006
7.7000000000000011 2.3299081131943437e-006
7.8000000000000007 2.3382549298761764e-006
7.8999999999999995 2.3447784358518401e-006
8 2.3370842972770964e-006
8.0999999999999996 2.3314292855150296e-006
8.2000000000000011 2.3614975572874382e-006
8.3000000000000007 2.3447698973056615e-006
8.4000000000000004 2.3464126627406965e-006
8.5 2.3504691919516859e-006
8.5999999999999996 2.3483534299485276e-006
8.6999999999999993 2.3619835417297645e-006
8.8000000000000007 2.345160966884211e-006
8.9000000000000004 2.362445537007677e-006
9 2.34897565640281e-006
9.0999999999999996 2.3696078411359222e-006
9.2000000000000011 2.3579997874908631e-006
9.3000000000000007 2.3593325235718946e-006
9.4000000000000004 2.3606296557269902e-006
9.5 2.3527349430394329e-006
9.5999999999999996 2.3497577880299347e-006
9.7000000000000011 2.3554831239794204e-006
9.7999999999999989 2.3634337972098772e-006
9.9000000000000004 2.3534031727549811e-006
10 2.3414782715870489e-006