0.10000000000000001 1.116869213646393e-008
0.20000000000000001 4.3816951390700196e-008
0.29999999999999999 9.4998594860016439e-008
0.40000000000000002 1.6395310459676403e-007
0.5 2.4795226914873096e-007
0.59999999999999998 3.3908751669201283e-007
0.69999999999999996 4.3685036898387298e-007
0.80000000000000004 5.3638118623913149e-007
0.89999999999999991 6.333076242160752e-007
1 7.3530021591070623e-007
1.1000000000000001 8.2375164119123174e-007
1.2 9.1889795196994101e-007
1.2999999999999998 9.9626347760750607e-007
1.3999999999999999 1.0841057630834782e-006
1.5 1.1522031532949005e-006
1.6000000000000001 1.2151531103767183e-006
1.7 1.2783074194029808e-006
1.7999999999999998 1.335558155809684e-006
1.9000000000000001 1.382478779040541e-006
2 1.4363109317301571e-006
2.1000000000000001 1.4809894178678604e-006
2.2000000000000002 1.5042921309182798e-006
2.3000000000000003 1.5578742109976343e-006
2.3999999999999999 1.5991871744786955e-006
2.5 1.6021146803912909e-006
2.5999999999999996 1.6489335479995811e-006
2.7000000000000002 1.6857851080363265e-006
2.7999999999999998 1.6985927904338317e-006
2.8999999999999999 1.7273661952441285e-006
3 1.7567646436044006e-006
3.1000000000000001 1.7666380032492598e-006
3.2000000000000002 1.7803986967176293e-006
3.2999999999999998 1.809051956383045e-006
3.3999999999999999 1.8169068483599197e-006
3.5 1.8276068466432863e-006
3.5999999999999996 1.8574600637223129e-006
3.6999999999999997 1.8629792356615549e-006
3.8000000000000003 1.8773585332243685e-006
3.9000000000000004 1.8935468956707549e-006
4 1.9092235433149343e-006
4.1000000000000005 1.8971575096392038e-006
4.2000000000000002 1.9028299687911075e-006
4.2999999999999998 1.929341472544438e-006
4.4000000000000004 1.936797710931368e-006
4.5 1.9316307924469435e-006
4.6000000000000005 1.9676489860359845e-006
4.7000000000000002 1.9739764987799134e-006
4.7999999999999998 1.9704157788539524e-006
4.8999999999999995 1.9807848627394395e-006
5 1.9916722780585011e-006
5.0999999999999996 1.994571255561922e-006
5.1999999999999993 2.0006827533194718e-006
5.2999999999999998 1.9974845657040933e-006
5.4000000000000004 2.0042447635284135e-006
5.5 2.0127727531267582e-006
5.5999999999999996 2.0244669979406753e-006
5.7000000000000002 2.0309804261551401e-006
5.7999999999999998 2.031631703687294e-006
5.9000000000000004 2.0346653839876511e-006
6 2.0410446533349775e-006
6.1000000000000005 2.0269672120051397e-006
6.2000000000000002 2.0495866934195639e-006
6.3000000000000007 2.033627393187664e-006
6.4000000000000004 2.0537328860027346e-006
6.5 2.0526938821999416e-006
6.5999999999999996 2.0731523469178208e-006
6.7000000000000002 2.0699034170306718e-006
6.7999999999999998 2.0687862237624335e-006
6.8999999999999995 2.0627399834065111e-006
7 2.0746623248266427e-006
7.0999999999999996 2.0746492820279341e-006
7.1999999999999993 2.0937386891767347e-006
7.3000000000000007 2.0858661540307308e-006
7.3999999999999995 2.0811071199969806e-006
7.5 2.1101007742959897e-006
7.6000000000000005 2.0936354253449184e-006
7.7000000000000011 2.0874672401806261e-006
7.8000000000000007 2.0970566144325837e-006
7.8999999999999995 2.0995507460508106e-006
8 2.1013143427441263e-006
8.0999999999999996 2.0961600706274915e-006
8.2000000000000011 2.127771694919778e-006
8.3000000000000007 2.1119857461773819e-006
8.4000000000000004 2.1059014967336355e-006
8.5 2.1228053465617103e-006
8.5999999999999996 2.1165003878579734e-006
8.6999999999999993 2.126914831856466e-006
8.8000000000000007 2.1223564591946256e-006
8.9000000000000004 2.1305572812209519e-006
9 2.1247433954493731e-006
9.0999999999999996 2.1379388103186727e-006
9.2000000000000011 2.1336273636243573e-006
9.3000000000000007 2.1360186898532268e-006
9.4000000000000004 2.1394177186739802e-006
9.5 2.1369774471791916e-006
9.5999999999999996 2.1372097114038609e-006
9.7000000000000011 2.1385917488742298e-006
9.7999999999999989 2.1440146080323975e-006
9.9000000000000004 2.1417200481547284e-006
10 2.1377272539620507e-006