0.10000000000000001 7.1064073686439872e-010
0.20000000000000001 2.8387337348362281e-009
0.29999999999999999 6.2816964031641367e-009
0.40000000000000002 1.1180511979008888e-008
0.5 1.7630674691111476e-008
0.59999999999999998 2.5202886175068552e-008
0.69999999999999996 3.4284995395782902e-008
0.80000000000000004 4.4392862311316314e-008
0.89999999999999991 5.5877694596151954e-008
1 6.8557534887791962e-008
1.1000000000000001 8.1846267380763656e-008
1.2 9.8070067207806228e-008
1.2999999999999998 1.1283840037064089e-007
1.3999999999999999 1.3104688885078042e-007
1.5 1.4907679693973793e-007
1.6000000000000001 1.6743132171170386e-007
1.7 1.857259176451221e-007
1.7999999999999998 2.0603562730806853e-007
1.9000000000000001 2.2683823215658244e-007
2 2.5071066516118574e-007
2.1000000000000001 2.7269470369030422e-007
2.2000000000000002 2.9366936841652426e-007
2.3000000000000003 3.1851978010992668e-007
2.3999999999999999 3.4369599024912224e-007
2.5 3.6292782816161446e-007
2.5999999999999996 3.9043642610402057e-007
2.7000000000000002 4.2099769449515918e-007
2.7999999999999998 4.4184647889488939e-007
2.8999999999999999 4.6527809179087806e-007
3 4.8782401688780572e-007
3.1000000000000001 5.1517451817965172e-007
3.2000000000000002 5.347925931999349e-007
3.2999999999999998 5.6722328629340144e-007
3.3999999999999999 5.892077340986876e-007
3.5 6.1528841799017662e-007
3.5999999999999996 6.4380643491531823e-007
3.6999999999999997 6.6473819917199124e-007
3.8000000000000003 6.925863448475227e-007
3.9000000000000004 7.1119530252692106e-007
4 7.4113986659145311e-007
4.1000000000000005 7.5965807658259008e-007
4.2000000000000002 7.8503934426897181e-007
4.2999999999999998 8.1184860396363542e-007
4.4000000000000004 8.2651388059037424e-007
4.5 8.527374559027111e-007
4.6000000000000005 8.8353880152967345e-007
4.7000000000000002 9.0612128154380331e-007
4.7999999999999998 9.268368159884038e-007
4.8999999999999995 9.4481569876719938e-007
5 9.6563180308512551e-007
5.0999999999999996 9.897608770509396e-007
5.1999999999999993 1.0063589803077576e-006
5.2999999999999998 1.0188692265663019e-006
5.4000000000000004 1.0407670234314514e-006
5.5 1.0704459158827279e-006
5.5999999999999996 1.0828848041328844e-006
5.7000000000000002 1.1103434717117576e-006
5.7999999999999998 1.1230425936060143e-006
5.9000000000000004 1.1359118463761311e-006
6 1.1641462145424464e-006
6.1000000000000005 1.1772884545158301e-006
6.2000000000000002 1.1944080402783527e-006
6.3000000000000007 1.2013239220613705e-006
6.4000000000000004 1.2220298801523697e-006
6.5 1.2413293150733232e-006
6.5999999999999996 1.2581164999327541e-006
6.7000000000000002 1.2790873500633598e-006
6.7999999999999998 1.2866630616558348e-006
6.8999999999999995 1.3006943832312984e-006
7 1.3157441252075305e-006
7.0999999999999996 1.329879965462627e-006
7.1999999999999993 1.3458532612562618e-006
7.3000000000000007 1.3592808256288809e-006
7.3999999999999995 1.3706531915692995e-006
7.5 1.3943117334827838e-006
7.6000000000000005 1.3995683157823309e-006
7.7000000000000011 1.4046876306648068e-006
7.8000000000000007 1.4255323732409203e-006
7.8999999999999995 1.430243777096347e-006
8 1.4446315392344279e-006
8.0999999999999996 1.4529153566205811e-006
8.2000000000000011 1.4783389086475613e-006
8.3000000000000007 1.4771335261100432e-006
8.4000000000000004 1.4831975527045779e-006
8.5 1.504055860748099e-006
8.5999999999999996 1.5128423299498275e-006
8.6999999999999993 1.5191582921584734e-006
8.8000000000000007 1.5328197924097162e-006
8.9000000000000004 1.5479579034886941e-006
9 1.5473637642757694e-006
9.0999999999999996 1.5700449135095104e-006
9.2000000000000011 1.5710508868652963e-006
9.3000000000000007 1.5731396193668003e-006
9.4000000000000004 1.5818019476657478e-006
9.5 1.599709211544747e-006
9.5999999999999996 1.5935936498166012e-006
9.7000000000000011 1.6076559722899432e-006
9.7999999999999989 1.6162954484503639e-006
9.9000000000000004 1.6250985305437745e-006
10 1.6298602301878831e-006