0.10000000000000001 1.3725974611003469e-006
0.20000000000000001 1.8859647836014282e-006
0.29999999999999999 2.0292688890358933e-006
0.40000000000000002 2.1161899385972547e-006
0.5 2.1695107268498674e-006
0.59999999999999998 2.1879169293819862e-006
0.69999999999999996 2.2209207038980671e-006
0.80000000000000004 2.2454869866861453e-006
0.89999999999999991 2.2502257912265891e-006
1 2.2855762379042202e-006
1.1000000000000001 2.289466687807636e-006
1.2 2.3176701272752247e-006
1.2999999999999998 2.3051849784159087e-006
1.3999999999999999 2.3077890529517968e-006
1.5 2.321922049977764e-006
1.6000000000000001 2.3079013562944496e-006
1.7 2.3298289452753789e-006
1.7999999999999998 2.3482143123728546e-006
1.9000000000000001 2.3281463786190003e-006
2 2.3441287697338598e-006
2.1000000000000001 2.3502624516770563e-006
2.2000000000000002 2.3356407284127969e-006
2.3000000000000003 2.3590773979069682e-006
2.3999999999999999 2.3543201281015434e-006
2.5 2.3315029047299459e-006
2.5999999999999996 2.3522173889648142e-006
2.7000000000000002 2.3637435634577735e-006
2.7999999999999998 2.3700894263023941e-006
2.8999999999999999 2.3687878496916083e-006
3 2.3845547489317246e-006
3.1000000000000001 2.3663444678751275e-006
3.2000000000000002 2.3805281469330844e-006
3.2999999999999998 2.3816222280572653e-006
3.3999999999999999 2.3756016507344127e-006
3.5 2.3652131359756707e-006
3.5999999999999996 2.3864586104142101e-006
3.6999999999999997 2.3876481020515521e-006
3.8000000000000003 2.3777912153294703e-006
3.9000000000000004 2.4136668536888006e-006
4 2.402612900176771e-006
4.1000000000000005 2.3752741106502124e-006
4.2000000000000002 2.3691712679319478e-006
4.2999999999999998 2.3855348298117437e-006
4.4000000000000004 2.4039816140247386e-006
4.5 2.3837466189662758e-006
4.6000000000000005 2.4054067455292496e-006
4.7000000000000002 2.4216651136895018e-006
4.7999999999999998 2.3993333224145816e-006
4.8999999999999995 2.4029365060716674e-006
5 2.41437781201334e-006
5.0999999999999996 2.4008190228053248e-006
5.1999999999999993 2.4078077734636182e-006
5.2999999999999998 2.3950180832716274e-006
5.4000000000000004 2.4052655222188383e-006
5.5 2.389872424557961e-006
5.5999999999999996 2.4125104970322038e-006
5.7000000000000002 2.4112864884426397e-006
5.7999999999999998 2.4098660175483326e-006
5.9000000000000004 2.4134094544150388e-006
6 2.4005615469030155e-006
6.1000000000000005 2.394193826319213e-006
6.2000000000000002 2.4116555058315343e-006
6.3000000000000007 2.3997583375533012e-006
6.4000000000000004 2.4228403980399945e-006
6.5 2.4135318514647135e-006
6.5999999999999996 2.4345900266894848e-006
6.7000000000000002 2.4165635881462164e-006
6.7999999999999998 2.4120942441241492e-006
6.8999999999999995 2.4138339916219541e-006
7 2.4154682140814161e-006
7.0999999999999996 2.4182567964258731e-006
7.1999999999999993 2.4400414364038076e-006
7.3000000000000007 2.4178647240321255e-006
7.3999999999999995 2.4169538387294901e-006
7.5 2.446957342105562e-006
7.6000000000000005 2.4165055413579211e-006
7.7000000000000011 2.412946958615406e-006
7.8000000000000007 2.4208491835581477e-006
7.8999999999999995 2.4198617893028135e-006
8 2.4179587144810134e-006
8.0999999999999996 2.4121685126884803e-006
8.2000000000000011 2.4398276662351915e-006
8.3000000000000007 2.4193100429506823e-006
8.4000000000000004 2.4297878025037089e-006
8.5 2.4309167549317713e-006
8.5999999999999996 2.421634513208999e-006
8.6999999999999993 2.441796628761636e-006
8.8000000000000007 2.4214293161358474e-006
8.9000000000000004 2.4348292579107232e-006
9 2.4207262067005682e-006
9.0999999999999996 2.4452756347519582e-006
9.2000000000000011 2.428958399922257e-006
9.3000000000000007 2.4369834099297406e-006
9.4000000000000004 2.440268703384197e-006
9.5 2.4244150424690514e-006
9.5999999999999996 2.4229050379838568e-006
9.7000000000000011 2.4245107028001322e-006
9.7999999999999989 2.4332226788671637e-006
9.9000000000000004 2.4252270410687442e-006
10 2.4145984291418982e-006
