0.10000000000000001 4.4542225079347067e-010
0.20000000000000001 1.7771710195142018e-009
0.29999999999999999 4.0333293648967084e-009
0.40000000000000002 7.0665680544966656e-009
0.5 1.0989914194231643e-008
0.59999999999999998 1.5902848469012894e-008
0.69999999999999996 2.1425243679539567e-008
0.80000000000000004 2.8150224707110737e-008
0.89999999999999991 3.5309567784300662e-008
1 4.3475679293812196e-008
1.1000000000000001 5.2513837392309319e-008
1.2 6.1742277902606696e-008
1.2999999999999998 7.2728824427253556e-008
1.3999999999999999 8.3340081538632016e-008
1.5 9.4388958077259945e-008
1.6000000000000001 1.0748278608397176e-007
1.7 1.2071946697578829e-007
1.7999999999999998 1.349767125388526e-007
1.9000000000000001 1.4963101179411696e-007
2 1.6380009377839804e-007
2.1000000000000001 1.7903854484506154e-007
2.2000000000000002 1.969308497687511e-007
2.3000000000000003 2.115928056774999e-007
2.3999999999999999 2.278033726847549e-007
2.5 2.4668952062104323e-007
2.5999999999999996 2.6295149076591637e-007
2.7000000000000002 2.7999622106917064e-007
2.7999999999999998 2.9921079098235175e-007
2.8999999999999999 3.1850791420166591e-007
3 3.3731439148257192e-007
3.1000000000000001 3.5441387310368798e-007
3.2000000000000002 3.7789043373593609e-007
3.2999999999999998 3.9384683315656361e-007
3.3999999999999999 4.1707257438242858e-007
3.5 4.3638621791905192e-007
3.5999999999999996 4.5431303137910996e-007
3.6999999999999997 4.7414943618798881e-007
3.8000000000000003 4.9939906931986912e-007
3.9000000000000004 5.1877731116403447e-007
4 5.3721726657760953e-007
4.1000000000000005 5.5422273826049823e-007
4.2000000000000002 5.7800160382350947e-007
4.2999999999999998 5.9631432085785895e-007
4.4000000000000004 6.1542684458011353e-007
4.5 6.3252790218023556e-007
4.6000000000000005 6.5815117078901279e-007
4.7000000000000002 6.7248233366532626e-007
4.7999999999999998 6.9726048242479008e-007
4.8999999999999995 7.1665074520606681e-007
5 7.3211025722674309e-007
5.0999999999999996 7.5624510313815222e-007
5.1999999999999993 7.7761337504374311e-007
5.2999999999999998 7.8940333732794728e-007
5.4000000000000004 8.1326891938615229e-007
5.5 8.2880166304961644e-007
5.5999999999999996 8.476442230741382e-007
5.7000000000000002 8.6767504469280579e-007
5.7999999999999998 8.8438146084965053e-007
5.9000000000000004 9.0627415549384177e-007
6 9.2233917920101614e-007
6.1000000000000005 9.4401861970119492e-007
6.2000000000000002 9.6115991038874604e-007
6.3000000000000007 9.7017767510629507e-007
6.4000000000000004 9.8839449217925278e-007
6.5 1.0031565081378764e-006
6.5999999999999996 1.0127206640680992e-006
6.7000000000000002 1.0364236500955468e-006
6.7999999999999998 1.0491305712698311e-006
6.8999999999999995 1.0749171911213401e-006
7 1.089703960315144e-006
7.0999999999999996 1.1033850167915402e-006
7.1999999999999993 1.1221978440541852e-006
7.3000000000000007 1.1325991327473149e-006
7.3999999999999995 1.1457440564915798e-006
7.5 1.16626779987219e-006
7.6000000000000005 1.1711077625097136e-006
7.7000000000000011 1.1913118186818387e-006
7.8000000000000007 1.2052250800290008e-006
7.8999999999999995 1.2201724622130873e-006
8 1.2328081237115693e-006
8.0999999999999996 1.2370240030921137e-006
8.2000000000000011 1.2591704144104448e-006
8.3000000000000007 1.2654163500870631e-006
8.4000000000000004 1.2729451007829122e-006
8.5 1.3037557835761043e-006
8.5999999999999996 1.3083349628815157e-006
8.6999999999999993 1.3169737896925212e-006
8.8000000000000007 1.3364408037144453e-006
8.9000000000000004 1.3399359362487947e-006
9 1.3643212436714118e-006
9.0999999999999996 1.3631728927046851e-006
9.2000000000000011 1.3762021193032783e-006
9.3000000000000007 1.3880794576197024e-006
9.4000000000000004 1.3981260491603814e-006
9.5 1.4102614471734743e-006
9.5999999999999996 1.4164201321697726e-006
9.7000000000000011 1.4243211257404963e-006
9.7999999999999989 1.4551195360068976e-006
9.9000000000000004 1.4514797814867844e-006
10 1.4641031487544364e-006