
0.10000000000000001 7.040893505001593e-009
0.20000000000000001 2.7976417875722816e-008
0.29999999999999999 6.2277955292854209e-008
0.40000000000000002 1.0712595706334888e-007
0.5 1.6288929972131615e-007
0.59999999999999998 2.2737025086594469e-007
0.69999999999999996 2.9778886015920674e-007
0.80000000000000004 3.7559906435202001e-007
0.89999999999999991 4.5187711840973342e-007
1 5.3322446264026103e-007
1.1000000000000001 6.1369139758263603e-007
1.2 6.9008054620090353e-007
1.2999999999999998 7.7111551925589806e-007
1.3999999999999999 8.4292125583818011e-007
1.5 9.1047259279982251e-007
1.6000000000000001 9.8052289119281191e-007
1.7 1.0487646903360642e-006
1.7999999999999998 1.1135159426983806e-006
1.9000000000000001 1.1713806155022903e-006
2 1.2274189230887257e-006
2.1000000000000001 1.272589589950463e-006
2.2000000000000002 1.3231458935432283e-006
2.3000000000000003 1.3728829347702197e-006
2.3999999999999999 1.404247189712468e-006
2.5 1.4490914676899603e-006
2.5999999999999996 1.4752928021203829e-006
2.7000000000000002 1.5114572587863121e-006
2.7999999999999998 1.5561399989156897e-006
2.8999999999999999 1.5863916281825916e-006
3 1.6130052578559725e-006
3.1000000000000001 1.6351914646374334e-006
3.2000000000000002 1.6760298418402381e-006
3.2999999999999998 1.6898290382740581e-006
3.3999999999999999 1.7182061702946263e-006
3.5 1.7312727885232775e-006
3.5999999999999996 1.7532169903958863e-006
3.6999999999999997 1.7710254760921379e-006
3.8000000000000003 1.7750568379194464e-006
3.9000000000000004 1.7987329406152994e-006
4 1.8107323278308952e-006
4.1000000000000005 1.8334463901326562e-006
4.2000000000000002 1.8331535685381829e-006
4.2999999999999998 1.8649612755359973e-006
4.4000000000000004 1.8788291227315278e-006
4.5 1.8814162969079513e-006
4.6000000000000005 1.8921135325771926e-006
4.7000000000000002 1.9049813174455578e-006
4.7999999999999998 1.9135872351749984e-006
4.8999999999999995 1.9250562199677369e-006
5 1.9333178203907164e-006
5.0999999999999996 1.9450652254835442e-006
5.1999999999999993 1.9572249661268311e-006
5.2999999999999998 1.9531727170409492e-006
5.4000000000000004 1.9764607249404364e-006
5.5 1.9735921162601211e-006
5.5999999999999996 1.9933323526862259e-006
5.7000000000000002 1.9931909592870194e-006
5.7999999999999998 1.9884390410775344e-006
5.9000000000000004 2.0074708501358308e-006
6 2.0207390528224637e-006
6.1000000000000005 2.021258270135184e-006
6.2000000000000002 2.0233507215573564e-006
6.3000000000000007 2.0263725222183255e-006
6.4000000000000004 2.0257113113232731e-006
6.5 2.0321826992568456e-006
6.5999999999999996 2.0362289527126445e-006
6.7000000000000002 2.0440764958790389e-006
6.7999999999999998 2.0399186119057993e-006
6.8999999999999995 2.0641067208580991e-006
7 2.0581793743427599e-006
7.0999999999999996 2.0617392491400146e-006
7.1999999999999993 2.0710107983014571e-006
7.3000000000000007 2.0487522563869071e-006
7.3999999999999995 2.0613911061644447e-006
7.5 2.0816389119212821e-006
7.6000000000000005 2.0812837851174443e-006
7.7000000000000011 2.091205660376835e-006
7.8000000000000007 2.0877479141572698e-006
7.8999999999999995 2.0927948885913817e-006
8 2.0831135525537915e-006
8.0999999999999996 2.0904819732977438e-006
8.2000000000000011 2.0997145579507002e-006
8.3000000000000007 2.096424455058343e-006
8.4000000000000004 2.081154300148697e-006
8.5 2.1126142769906279e-006
8.5999999999999996 2.1056244127822432e-006
8.6999999999999993 2.1142789914103963e-006
8.8000000000000007 2.1180156633241049e-006
8.9000000000000004 2.101581173530247e-006
9 2.1246253591398076e-006
9.0999999999999996 2.1118875150250105e-006
9.2000000000000011 2.1219744738638104e-006
9.3000000000000007 2.1243981546138975e-006
9.4000000000000004 2.1278458270587207e-006
9.5 2.1213422777255856e-006
9.5999999999999996 2.1324726338848183e-006
9.7000000000000011 2.1280242192005834e-006
9.7999999999999989 2.1440020577824944e-006
9.9000000000000004 2.1478615457667181e-006
10 2.1440725795209677e-006