0.10000000000000001 1.2034535724348853e-006
0.20000000000000001 1.8405928015889687e-006
0.29999999999999999 2.0149135359005989e-006
0.40000000000000002 2.1026314873521353e-006
0.5 2.1596874862608001e-006
0.59999999999999998 2.1790527650353773e-006
0.69999999999999996 2.2125937716596123e-006
0.80000000000000004 2.2292412781818696e-006
0.89999999999999991 2.2453322754227531e-006
1 2.2797991139026252e-006
1.1000000000000001 2.2786346789140687e-006
1.2 2.2877675299636166e-006
1.2999999999999998 2.3087581161528407e-006
1.3999999999999999 2.318312889294058e-006
1.5 2.296710851598641e-006
1.6000000000000001 2.321092046770248e-006
1.7 2.3280147706408732e-006
1.7999999999999998 2.3416896946188593e-006
1.9000000000000001 2.3409583686038674e-006
2 2.3489859777807761e-006
2.1000000000000001 2.336430462654778e-006
2.2000000000000002 2.3502025387843331e-006
2.3000000000000003 2.3642225840041106e-006
2.3999999999999999 2.3498541180856528e-006
2.5 2.3430918849539893e-006
2.5999999999999996 2.3406346298270945e-006
2.7000000000000002 2.3519594860687552e-006
2.7999999999999998 2.3734873690353116e-006
2.8999999999999999 2.3604387133352243e-006
3 2.352593835779191e-006
3.1000000000000001 2.3603472777618049e-006
3.2000000000000002 2.3870622041723514e-006
3.2999999999999998 2.3751766258510216e-006
3.3999999999999999 2.3764090024550291e-006
3.5 2.3905991661483572e-006
3.5999999999999996 2.3922403037804552e-006
3.6999999999999997 2.3846075486578196e-006
3.8000000000000003 2.3577748215815624e-006
3.9000000000000004 2.3713844677826999e-006
4 2.3741058601801643e-006
4.1000000000000005 2.3969378112926121e-006
4.2000000000000002 2.3730678888695168e-006
4.2999999999999998 2.3907693080977053e-006
4.4000000000000004 2.4048588319332566e-006
4.5 2.3924315969803644e-006
4.6000000000000005 2.3944522098047104e-006
4.7000000000000002 2.4043777977836139e-006
4.7999999999999998 2.386935114620824e-006
4.8999999999999995 2.3930295406012928e-006
5 2.402378291472933e-006
5.0999999999999996 2.3953125313402197e-006
5.1999999999999993 2.4028175032679514e-006
5.2999999999999998 2.4024558320318994e-006
5.4000000000000004 2.4142650183365769e-006
5.5 2.4118981184534823e-006
5.5999999999999996 2.4251149485653279e-006
5.7000000000000002 2.4098271713047106e-006
5.7999999999999998 2.3974147952027849e-006
5.9000000000000004 2.4185810135773856e-006
6 2.4203504561872028e-006
6.1000000000000005 2.41561535639336e-006
6.2000000000000002 2.4154094851661762e-006
6.3000000000000007 2.4230258311493354e-006
6.4000000000000004 2.4013899076905884e-006
6.5 2.410979853334597e-006
6.5999999999999996 2.4199889421946982e-006
6.7000000000000002 2.4233181584232418e-006
6.7999999999999998 2.396090571977435e-006
6.8999999999999995 2.4342419714159548e-006
7 2.4151258651984226e-006
7.0999999999999996 2.4212634649421586e-006
7.1999999999999993 2.4289144798058094e-006
7.3000000000000007 2.3898478400827575e-006
7.3999999999999995 2.4153540056556519e-006
7.5 2.4220326326138156e-006
7.6000000000000005 2.428331884927015e-006
7.7000000000000011 2.4224939989175321e-006
7.8000000000000007 2.428743531263496e-006
7.8999999999999995 2.4308277697000782e-006
8 2.404396587723305e-006
8.0999999999999996 2.4202191768702394e-006
8.2000000000000011 2.4297088985767304e-006
8.3000000000000007 2.4202866480838611e-006
8.4000000000000004 2.4056333702472557e-006
8.5 2.4309777344229901e-006
8.5999999999999996 2.425516061798728e-006
8.6999999999999993 2.420074283805455e-006
8.8000000000000007 2.4291380889911936e-006
8.9000000000000004 2.4022729688579733e-006
9 2.4282377031282327e-006
9.0999999999999996 2.4107466731108879e-006
9.2000000000000011 2.4285952306645649e-006
9.3000000000000007 2.4219872197910027e-006
9.4000000000000004 2.4336761285118666e-006
9.5 2.4210097947766716e-006
9.5999999999999996 2.4331881632437636e-006
9.7000000000000011 2.4314895010491273e-006
9.7999999999999989 2.4322251399667556e-006
9.9000000000000004 2.4504667107178361e-006
10 2.4355261870101204e-006