0.10000000000000001 2.2365564620183672e-007
0.20000000000000001 6.8508348308392267e-007
0.29999999999999999 1.1015605114773382e-006
0.40000000000000002 1.4004446991926896e-006
0.5 1.6143622967026388e-006
0.59999999999999998 1.740146094699764e-006
0.69999999999999996 1.8327987004110558e-006
0.80000000000000004 1.911156571039579e-006
0.89999999999999991 1.9552495597154572e-006
1 2.0105620270935309e-006
1.1000000000000001 2.0365199113032694e-006
1.2 2.0623349479431796e-006
1.2999999999999998 2.0866272252099079e-006
1.3999999999999999 2.1101630241379074e-006
1.5 2.1031869092168551e-006
1.6000000000000001 2.132837220549148e-006
1.7 2.1458070480649251e-006
1.7999999999999998 2.1659983626372503e-006
1.9000000000000001 2.1698963115076646e-006
2 2.1869825456919879e-006
2.1000000000000001 2.1793107401305871e-006
2.2000000000000002 2.195532734535924e-006
2.3000000000000003 2.2065079351633711e-006
2.3999999999999999 2.1977976652995789e-006
2.5 2.1982764944960198e-006
2.5999999999999996 2.1951221756160975e-006
2.7000000000000002 2.2102635157245733e-006
2.7999999999999998 2.2323439197445762e-006
2.8999999999999999 2.2296166708000594e-006
3 2.2262975044275234e-006
3.1000000000000001 2.2298095758570808e-006
3.2000000000000002 2.255435398898383e-006
3.2999999999999998 2.248638457464601e-006
3.3999999999999999 2.254386889612322e-006
3.5 2.2680653699521514e-006
3.5999999999999996 2.2755194419216224e-006
3.6999999999999997 2.2610510133999951e-006
3.8000000000000003 2.2462621956106614e-006
3.9000000000000004 2.2598210029791986e-006
4 2.2590528266063086e-006
4.1000000000000005 2.2898997378702354e-006
4.2000000000000002 2.2658904790593174e-006
4.2999999999999998 2.2836705572689e-006
4.4000000000000004 2.3030781070958904e-006
4.5 2.2856570801347754e-006
4.6000000000000005 2.2885980363504896e-006
4.7000000000000002 2.303041937536117e-006
4.7999999999999998 2.2897337126012919e-006
4.8999999999999995 2.2934297456949195e-006
5 2.3005570708849702e-006
5.0999999999999996 2.297762084077207e-006
5.1999999999999993 2.3050637542702261e-006
5.2999999999999998 2.3068562323955542e-006
5.4000000000000004 2.3143692591794497e-006
5.5 2.3145166486516769e-006
5.5999999999999996 2.3315743544268248e-006
5.7000000000000002 2.3162787110023045e-006
5.7999999999999998 2.3064374835229977e-006
5.9000000000000004 2.3256351260574021e-006
6 2.3253171654273776e-006
6.1000000000000005 2.3228754056556182e-006
6.2000000000000002 2.3271395335581327e-006
6.3000000000000007 2.3327213460119998e-006
6.4000000000000004 2.3141185022275457e-006
6.5 2.3196262724592026e-006
6.5999999999999996 2.3307294463026265e-006
6.7000000000000002 2.3281275860216736e-006
6.7999999999999998 2.3092726298902208e-006
6.8999999999999995 2.3448884363516442e-006
7 2.3297172881815648e-006
7.0999999999999996 2.3369490563085793e-006
7.1999999999999993 2.3421187759428714e-006
7.3000000000000007 2.3061124456044533e-006
7.3999999999999995 2.3305911818285743e-006
7.5 2.3458674758807247e-006
7.6000000000000005 2.3475330899107697e-006
7.7000000000000011 2.3404994384678101e-006
7.8000000000000007 2.3492647143397193e-006
7.8999999999999995 2.3480543735366047e-006
8 2.3321638928263914e-006
8.0999999999999996 2.3408976185553482e-006
8.2000000000000011 2.3490582181247946e-006
8.3000000000000007 2.3483575670041532e-006
8.4000000000000004 2.3257244381785003e-006
8.5 2.3527515603605089e-006
8.5999999999999996 2.3448566696112415e-006
8.6999999999999993 2.3416661568098715e-006
8.8000000000000007 2.3539249830359698e-006
8.9000000000000004 2.3351976134342469e-006
9 2.3581390445925013e-006
9.0999999999999996 2.3348069106096659e-006
9.2000000000000011 2.3539816199476005e-006
9.3000000000000007 2.3484264901737006e-006
9.4000000000000004 2.3614623861134659e-006
9.5 2.3491690287610817e-006
9.5999999999999996 2.3615977595209164e-006
9.7000000000000011 2.3547378489113483e-006
9.7999999999999989 2.362677182445759e-006
9.9000000000000004 2.3782411121558452e-006
10 2.3653565252606003e-006