 Elapsed CPU time = 1638.751 s 
0.10000000000000001 2.0092892512997542e-008
0.20000000000000001 7.7990521350066855e-008
0.29999999999999999 1.6777826210632652e-007
0.40000000000000002 2.8299912637083117e-007
0.5 4.0836853313493354e-007
0.59999999999999998 5.4014400088946535e-007
0.69999999999999996 6.657115885638596e-007
0.80000000000000004 7.9683170994330722e-007
0.89999999999999991 9.1835946634279137e-007
1 1.0185994861101165e-006
1.1000000000000001 1.1122061083651072e-006
1.2 1.1968289358243957e-006
1.2999999999999998 1.2779735762886355e-006
1.3999999999999999 1.3484252519070114e-006
1.5 1.4141231414397167e-006
1.6000000000000001 1.4728890611811195e-006
1.7 1.5048292886125856e-006
1.7999999999999998 1.5467903302732537e-006
1.9000000000000001 1.6033089176832356e-006
2 1.627245637165921e-006
2.1000000000000001 1.6718847313584472e-006
2.2000000000000002 1.6964900495253451e-006
2.3000000000000003 1.7104845792109345e-006
2.3999999999999999 1.7306915397378495e-006
2.5 1.7546538540409062e-006
2.5999999999999996 1.7946945617392527e-006
2.7000000000000002 1.8065460908525515e-006
2.7999999999999998 1.8095953923028804e-006
2.8999999999999999 1.8299656810396703e-006
3 1.8439436447851741e-006
3.1000000000000001 1.8537304527083617e-006
3.2000000000000002 1.8663869438832718e-006
3.2999999999999998 1.8808778644335488e-006
3.3999999999999999 1.8917850547899133e-006
3.5 1.9041519485275132e-006
3.5999999999999996 1.9227483112201111e-006
3.6999999999999997 1.9311930166620231e-006
3.8000000000000003 1.9257061150854799e-006
3.9000000000000004 1.9442053783363193e-006
4 1.9637633615162921e-006
4.1000000000000005 1.9501389472668007e-006
4.2000000000000002 1.9696815165925205e-006
4.2999999999999998 1.9653802539649007e-006
4.4000000000000004 1.9747361844441018e-006
4.5 1.9854010204122882e-006
4.6000000000000005 1.9896486944384296e-006
4.7000000000000002 1.9882688034532373e-006
4.7999999999999998 2.0064266989322407e-006
4.8999999999999995 2.0082798588933926e-006
5 2.0036834443662004e-006
5.0999999999999996 2.0170011189739074e-006
5.1999999999999993 2.0145456626246256e-006
5.2999999999999998 2.0133022723281e-006
5.4000000000000004 2.0199638762325368e-006
5.5 2.0323012768385715e-006
5.5999999999999996 2.0450743993187166e-006
5.7000000000000002 2.038213069973692e-006
5.7999999999999998 2.063934719891357e-006
5.9000000000000004 2.0544525684651349e-006
6 2.0570554944587046e-006
6.1000000000000005 2.072692500339786e-006
6.2000000000000002 2.0296586235945652e-006
6.3000000000000007 2.0626647399321778e-006
6.4000000000000004 2.0513568066398976e-006
6.5 2.0725546469136587e-006
6.5999999999999996 2.0880440932337154e-006
6.7000000000000002 2.0776579991397501e-006
6.7999999999999998 2.0849497634321265e-006
6.8999999999999995 2.056517836685619e-006
7 2.0688155711668793e-006
7.0999999999999996 2.0863201856980353e-006
7.1999999999999993 2.0875801897721181e-006
7.3000000000000007 2.0849431286402395e-006
7.3999999999999995 2.0858419553558972e-006
7.5 2.0932454896916798e-006
7.6000000000000005 2.0859178725413272e-006
7.7000000000000011 2.1072915487526658e-006
7.8000000000000007 2.1115694449889135e-006
7.8999999999999995 2.0996161288043389e-006
8 2.0900982489861599e-006
8.0999999999999996 2.1173011247189852e-006
8.2000000000000011 2.1272205779847831e-006
8.3000000000000007 2.1212390006055813e-006
8.4000000000000004 2.1219030104358032e-006
8.5 2.1278000647565838e-006
8.5999999999999996 2.1203205383785861e-006
8.6999999999999993 2.1350364939367388e-006
8.8000000000000007 2.1380654693329347e-006
8.9000000000000004 2.1121995610828956e-006
9 2.1298683073163126e-006
9.0999999999999996 2.1358088999396269e-006
9.2000000000000011 2.1321689983635742e-006
9.3000000000000007 2.1436818177854226e-006
9.4000000000000004 2.1288162576142313e-006
9.5 2.1363416162788191e-006
9.5999999999999996 2.1414100055125385e-006
9.7000000000000011 2.1462851610280723e-006
9.7999999999999989 2.1582324970854508e-006
9.9000000000000004 2.1544006024649621e-006
10 2.1451106863711233e-006
