0.10000000000000001 1.2996400789667832e-009
0.20000000000000001 5.1927250299129526e-009
0.29999999999999999 1.1648533892771405e-008
0.40000000000000002 2.0498998118341577e-008
0.5 3.2014104437213696e-008
0.59999999999999998 4.5509976736311144e-008
0.69999999999999996 6.1359117453099789e-008
0.80000000000000004 7.9874977649794643e-008
0.89999999999999991 1.0035687298528649e-007
1 1.218064929584284e-007
1.1000000000000001 1.4542533907018637e-007
1.2 1.7183810937766812e-007
1.2999999999999998 1.9918960329710042e-007
1.3999999999999999 2.2627349748730944e-007
1.5 2.5395679079789009e-007
1.6000000000000001 2.8597750389355493e-007
1.7 3.1696538023412158e-007
1.7999999999999998 3.5073279497891178e-007
1.9000000000000001 3.8200877294984603e-007
2 4.1185381425020712e-007
2.1000000000000001 4.5193596204632373e-007
2.2000000000000002 4.8394090959371418e-007
2.3000000000000003 5.1236556548710555e-007
2.3999999999999999 5.4433282286316403e-007
2.5 5.8065402609983077e-007
2.5999999999999996 6.0916566868155575e-007
2.7000000000000002 6.4312396646420925e-007
2.7999999999999998 6.8080608781233431e-007
2.8999999999999999 7.1165860890597351e-007
3 7.4293900918561929e-007
3.1000000000000001 7.7211194416327683e-007
3.2000000000000002 8.0706674525361303e-007
3.2999999999999998 8.3481138082292303e-007
3.3999999999999999 8.7056699008754316e-007
3.5 8.9862304628405919e-007
3.5999999999999996 9.2354894728326076e-007
3.6999999999999997 9.4696724275800244e-007
3.8000000000000003 9.7848323240970389e-007
3.9000000000000004 9.9424634850291431e-007
4 1.0286030970091862e-006
4.1000000000000005 1.0506676278465973e-006
4.2000000000000002 1.0799576166938437e-006
4.2999999999999998 1.1054189377354e-006
4.4000000000000004 1.1231829788747495e-006
4.5 1.1504578221008184e-006
4.6000000000000005 1.1806002866948922e-006
4.7000000000000002 1.1896044691133284e-006
4.7999999999999998 1.211749637100274e-006
4.8999999999999995 1.2311898749819806e-006
5 1.2529083295998805e-006
5.0999999999999996 1.2738932129420835e-006
5.1999999999999993 1.2899058054488876e-006
5.2999999999999998 1.3144053717923781e-006
5.4000000000000004 1.3321907404722393e-006
5.5 1.3479663673937315e-006
5.5999999999999996 1.3577031576942888e-006
5.7000000000000002 1.3778267202293023e-006
5.7999999999999998 1.3958368745420572e-006
5.9000000000000004 1.4135136530417187e-006
6 1.4222164456425526e-006
6.1000000000000005 1.4363615668105521e-006
6.2000000000000002 1.4459375439121396e-006
6.3000000000000007 1.4733369984428181e-006
6.4000000000000004 1.4735153046544022e-006
6.5 1.4878475429880032e-006
6.5999999999999996 1.4952577329338291e-006
6.7000000000000002 1.510758886589782e-006
6.7999999999999998 1.5210268531286319e-006
6.8999999999999995 1.5340693541833317e-006
7 1.5465136272498958e-006
7.0999999999999996 1.5640812982159344e-006
7.1999999999999993 1.5696183604845897e-006
7.3000000000000007 1.5897526731630756e-006
7.3999999999999995 1.5989830555204667e-006
7.5 1.6093650502086732e-006
7.6000000000000005 1.6146089515911425e-006
7.7000000000000011 1.6351402160857263e-006
7.8000000000000007 1.6243005780009284e-006
7.8999999999999995 1.6396824360701042e-006
8 1.6447026830873534e-006
8.0999999999999996 1.6562651693236878e-006
8.2000000000000011 1.6610162596791085e-006
8.3000000000000007 1.6784650053558545e-006
8.4000000000000004 1.6835435746698145e-006
8.5 1.6827612685244973e-006
8.5999999999999996 1.6856796591835887e-006
8.6999999999999993 1.7032343949852332e-006
8.8000000000000007 1.7040927729018901e-006
8.9000000000000004 1.72031931319608e-006
9 1.7239123681539178e-006
9.0999999999999996 1.7253621855667927e-006
9.2000000000000011 1.7229422844200944e-006
9.3000000000000007 1.7440890466738842e-006
9.4000000000000004 1.7568860861192931e-006
9.5 1.7410065810087954e-006
9.5999999999999996 1.7602996894238063e-006
9.7000000000000011 1.7614312405783518e-006
9.7999999999999989 1.7613554890523238e-006
9.9000000000000004 1.7800562512738092e-006
10 1.7744144399969426e-006
