 Elapsed CPU time = 1374.534 s 
0.10000000000000001 4.9346116091037582e-007
0.20000000000000001 1.1535459587212789e-006
0.29999999999999999 1.5323410845787193e-006
0.40000000000000002 1.726908160731891e-006
0.5 1.8291977660011292e-006
0.59999999999999998 1.9038831657066865e-006
0.69999999999999996 1.9609987980132006e-006
0.80000000000000004 1.9835171948585141e-006
0.89999999999999991 2.033961007745187e-006
1 2.0408236437619577e-006
1.1000000000000001 2.0679549727941358e-006
1.2 2.0693487946718843e-006
1.2999999999999998 2.0969067059629958e-006
1.3999999999999999 2.1174820013089208e-006
1.5 2.1338698234321515e-006
1.6000000000000001 2.1363538914632463e-006
1.7 2.1405716112577241e-006
1.7999999999999998 2.1598655174069083e-006
1.9000000000000001 2.1634661103104251e-006
2 2.1749723396772863e-006
2.1000000000000001 2.1834527119425533e-006
2.2000000000000002 2.1863053761270068e-006
2.3000000000000003 2.2061830345560951e-006
2.3999999999999999 2.2361537037073879e-006
2.5 2.2204706555863587e-006
2.5999999999999996 2.212547065010302e-006
2.7000000000000002 2.2101363787785108e-006
2.7999999999999998 2.2299943950521683e-006
2.8999999999999999 2.2486622756543412e-006
3 2.2472268103695587e-006
3.1000000000000001 2.2506094229638038e-006
3.2000000000000002 2.2425242201257843e-006
3.2999999999999998 2.2512623725928483e-006
3.3999999999999999 2.2309377349803652e-006
3.5 2.2702997223822826e-006
3.5999999999999996 2.2579964963361783e-006
3.6999999999999997 2.2808029766513353e-006
3.8000000000000003 2.2646369436747796e-006
3.9000000000000004 2.2669446322814381e-006
4 2.2775626118867393e-006
4.1000000000000005 2.2819482527315373e-006
4.2000000000000002 2.2819351589947762e-006
4.2999999999999998 2.3091314814365974e-006
4.4000000000000004 2.2895390818516887e-006
4.5 2.3021607296279131e-006
4.6000000000000005 2.3001745553554838e-006
4.7000000000000002 2.2820088393353525e-006
4.7999999999999998 2.2984371465786304e-006
4.8999999999999995 2.3064925125639709e-006
5 2.3029974610875656e-006
5.0999999999999996 2.301531421898654e-006
5.1999999999999993 2.3175285970076891e-006
5.2999999999999998 2.307469733383158e-006
5.4000000000000004 2.2994156643248914e-006
5.5 2.3057852846765299e-006
5.5999999999999996 2.3180996967186469e-006
5.7000000000000002 2.323377519299609e-006
5.7999999999999998 2.3088970016281771e-006
5.9000000000000004 2.3116293532365938e-006
6 2.3244571947000112e-006
6.1000000000000005 2.3185165196899357e-006
6.2000000000000002 2.3095375489491393e-006
6.3000000000000007 2.3257637809573862e-006
6.4000000000000004 2.3274473832064876e-006
6.5 2.3361753436339451e-006
6.5999999999999996 2.3285102056419581e-006
6.7000000000000002 2.3288423412242454e-006
6.7999999999999998 2.3483173968141448e-006
6.8999999999999995 2.3238408336515736e-006
7 2.3448009349675253e-006
7.0999999999999996 2.3505803148603741e-006
7.1999999999999993 2.3465173475226687e-006
7.3000000000000007 2.3365872991422486e-006
7.3999999999999995 2.3222351325142514e-006
7.5 2.3389298621533645e-006
7.6000000000000005 2.3397521639704993e-006
7.7000000000000011 2.3301209580621887e-006
7.8000000000000007 2.3607503372716952e-006
7.8999999999999995 2.34609722553743e-006
8 2.3529658004880153e-006
8.0999999999999996 2.3410334973568524e-006
8.2000000000000011 2.3583434169121658e-006
8.3000000000000007 2.3411629685944719e-006
8.4000000000000004 2.3367492870169713e-006
8.5 2.3396279327080451e-006
8.5999999999999996 2.3556987660106783e-006
8.6999999999999993 2.3385839551367694e-006
8.8000000000000007 2.3591284515652619e-006
8.9000000000000004 2.3604621063029715e-006
9 2.3507013387973678e-006
9.0999999999999996 2.3566290170744488e-006
9.2000000000000011 2.3530562447626664e-006
9.3000000000000007 2.3614282647062861e-006
9.4000000000000004 2.353854813877399e-006
9.5 2.3591567797657477e-006
9.5999999999999996 2.3549445537508124e-006
9.7000000000000011 2.3757533850009241e-006
9.7999999999999989 2.3464804417973214e-006
9.9000000000000004 2.3715104911786724e-006
10 2.3728730366501272e-006
