 Elapsed CPU time = 1252.245 s 
0.10000000000000001 1.5394893838434985e-006
0.20000000000000001 1.9166235961456584e-006
0.29999999999999999 2.0652018526349525e-006
0.40000000000000002 2.1164528077318225e-006
0.5 2.1646022259572869e-006
0.59999999999999998 2.1931910680345071e-006
0.69999999999999996 2.2277851506518166e-006
0.80000000000000004 2.2334275833729061e-006
0.89999999999999991 2.2629776836129306e-006
1 2.2593829344112218e-006
1.1000000000000001 2.2833035220346027e-006
1.2 2.2721744388837072e-006
1.2999999999999998 2.2994982725555315e-006
1.3999999999999999 2.3164608366818408e-006
1.5 2.2985823656469419e-006
1.6000000000000001 2.3130198291487948e-006
1.7 2.3362156688528057e-006
1.7999999999999998 2.3325117447906569e-006
1.9000000000000001 2.3313825053377508e-006
2 2.3584870994230949e-006
2.1000000000000001 2.3381637343760054e-006
2.2000000000000002 2.3602067011431731e-006
2.3000000000000003 2.3469073478450852e-006
2.3999999999999999 2.3567842722676388e-006
2.5 2.3643032149524906e-006
2.5999999999999996 2.3467898151578147e-006
2.7000000000000002 2.3486741359180329e-006
2.7999999999999998 2.3622843459812488e-006
2.8999999999999999 2.3536645159627145e-006
3 2.3632122304188728e-006
3.1000000000000001 2.3718375683910169e-006
3.2000000000000002 2.3795366430843783e-006
3.2999999999999998 2.3721510548883953e-006
3.3999999999999999 2.375404301221702e-006
3.5 2.3924183615029395e-006
3.5999999999999996 2.38968215277671e-006
3.6999999999999997 2.3811031135065267e-006
3.8000000000000003 2.3697673870847708e-006
3.9000000000000004 2.3996260155565789e-006
4 2.3876005414147458e-006
4.1000000000000005 2.3799267971068274e-006
4.2000000000000002 2.384936704585589e-006
4.2999999999999998 2.3710281671889883e-006
4.4000000000000004 2.3974021634519997e-006
4.5 2.4105996029980944e-006
4.6000000000000005 2.411863220573228e-006
4.7000000000000002 2.4169620565874168e-006
4.7999999999999998 2.4009370980935724e-006
4.8999999999999995 2.4149640952499692e-006
5 2.3965722085248983e-006
5.0999999999999996 2.3991710492867733e-006
5.1999999999999993 2.3852866919615437e-006
5.2999999999999998 2.4083018393384798e-006
5.4000000000000004 2.4038788702039818e-006
5.5 2.399752294971625e-006
5.5999999999999996 2.3986051935374372e-006
5.7000000000000002 2.4134893097762218e-006
5.7999999999999998 2.4002765276891466e-006
5.9000000000000004 2.4158883914341035e-006
6 2.4132042028603176e-006
6.1000000000000005 2.3951729464632955e-006
6.2000000000000002 2.4110942017292658e-006
6.3000000000000007 2.4188581001864149e-006
6.4000000000000004 2.4009128143743406e-006
6.5 2.4132123733237084e-006
6.5999999999999996 2.4277298684766949e-006
6.7000000000000002 2.4054390743599712e-006
6.7999999999999998 2.4050990610973545e-006
6.8999999999999995 2.394442790694658e-006
7 2.4077157793433952e-006
7.0999999999999996 2.4131846408769521e-006
7.1999999999999993 2.4203031737164458e-006
7.3000000000000007 2.4152274254846354e-006
7.3999999999999995 2.4090459361872836e-006
7.5 2.4048068999257862e-006
7.6000000000000005 2.41909649868125e-006
7.7000000000000011 2.423552267491239e-006
7.8000000000000007 2.4372156015123206e-006
7.8999999999999995 2.4139705924149658e-006
8 2.4205154848421051e-006
8.0999999999999996 2.4229058853272628e-006
8.2000000000000011 2.4075063557408236e-006
8.3000000000000007 2.4102777985384438e-006
8.4000000000000004 2.4228270567000115e-006
8.5 2.4276188035930946e-006
8.5999999999999996 2.4307555351142709e-006
8.6999999999999993 2.4457913630296504e-006
8.8000000000000007 2.4227356109389812e-006
8.9000000000000004 2.4293155558322852e-006
9 2.4284874253732905e-006
9.0999999999999996 2.4376537622117292e-006
9.2000000000000011 2.4344122750382491e-006
9.3000000000000007 2.4235859264695035e-006
9.4000000000000004 2.4485534792915907e-006
9.5 2.4471000957722021e-006
9.5999999999999996 2.4129748580503837e-006
9.7000000000000011 2.4099834457018614e-006
9.7999999999999989 2.4297396018192128e-006
9.9000000000000004 2.42613341768945e-006
10 2.4215569004508809e-006
